[
  -0.22957616527020408,
  0.12745416180867297,
  0.24434910456106398,
  -0.019593129973387483,
  -0.2763526098285304,
  0.0950806368310708,
  0.06960506469425931,
  0.2794181770532214,
  -0.26975195781553424,
  0.2779826821538375,
  0.01930285434947409,
  -0.22342917407789536,
  0.04864179340680827,
  -0.10252111445407941,
  0.025101080156143752,
  -0.036666310362999284,
  0.050223946785465545,
  0.1737125218257033,
  0.1939336401349908,
  -0.2087044392909425,
  -0.28144998147642447,
  -0.1416471705522687,
  0.09197974588260316,
  0.05848376072074428,
  -0.1746296907812162,
  -0.18686084556531024,
  -0.22239451591531562,
  -0.2738826691747618,
  -0.2033966239783521,
  -0.3467437272864197,
  0.13543425189425284,
  0.22023088912934047
]